1,1,54.85,60.83,120.87,58.3,1,1,1.0
1,2,93.88,0.0,225.11,64.3,1,1,1.0
1,3,310.68,0.0,400.39000000000004,112.8,1,1,1.0
2,1,38.07,58.17,116.88,56.010000000000005,1,1,1.0
2,2,93.88,0.0,224.88,64.3,1,1,1.0
2,3,310.36,0.0,399.91999999999996,112.8,1,1,1.0
3,1,21.29,55.52,112.88,53.71999999999999,1,1,1.0
3,2,93.88,0.0,224.64999999999998,64.3,1,1,1.0
3,3,310.05,0.0,399.44,112.8,1,1,1.0
4,1,4.51,52.86,108.89,51.44,1,1,1.0
4,2,93.88,0.0,224.42000000000002,64.3,1,1,1.0
4,3,309.73,0.0,398.97,112.8,1,1,1.0
5,1,0.0,50.02,92.35,51.43999999999999,1,1,1.0
5,2,93.88,0.0,223.72000000000003,64.3,1,1,1.0
5,3,309.26,0.0,398.34000000000003,112.5,1,1,1.0
6,1,0.0,47.08,74.74,49.92,1,1,1.0
6,2,93.88,0.0,223.01999999999998,64.3,1,1,1.0
6,3,308.78,0.0,397.72,112.2,1,1,1.0
7,1,0.0,44.14,57.12,48.41,1,1,1.0
7,2,93.88,0.0,222.32,64.3,1,1,1.0
7,3,308.31,0.0,397.09,111.9,1,1,1.0
8,1,0.0,41.2,39.5,46.89999999999999,1,1,1.0
8,2,93.88,0.0,222.05,64.3,1,1,1.0
8,3,307.99,0.0,397.09000000000003,111.9,1,1,1.0
9,1,0.0,45.2,26.3,36.05,1,1,1.0
9,2,93.88,0.0,221.76999999999998,64.3,1,1,1.0
9,3,307.68,0.0,397.09,111.9,1,1,1.0
10,1,0.0,49.2,13.1,25.200000000000003,1,1,1.0
10,4,918.48,189.73,41.51999999999998,73.1,1,1,1.0
10,2,93.88,0.0,221.5,64.3,1,1,1.0
10,3,307.36,0.0,397.09000000000003,111.9,1,1,1.0
11,4,872.49,179.36,87.50999999999999,83.63,1,1,1.0
11,2,93.88,0.0,221.22000000000003,64.3,1,1,1.0
11,3,307.24,0.0,397.09000000000003,111.68,1,1,1.0
12,4,826.5,169.0,133.5,94.13999999999999,1,1,1.0
12,2,93.88,0.0,221.17000000000002,64.03,1,1,1.0
12,3,307.12,0.0,397.1,111.45,1,1,1.0
13,4,780.51,158.63,179.49,104.67000000000002,1,1,1.0
13,2,93.88,0.0,221.13,63.75,1,1,1.0
13,3,307.01,0.0,397.09000000000003,111.23,1,1,1.0
14,4,738.48,152.0,221.51999999999998,109.44999999999999,1,1,1.0
14,2,93.88,0.0,221.07999999999998,63.48,1,1,1.0
14,3,306.89,0.0,397.09000000000003,111.0,1,1,1.0
15,4,696.44,145.38,263.55999999999995,114.22000000000003,1,1,1.0
15,5,0.0,165.37,34.24,76.81,1,1,1.0
15,2,93.88,0.0,221.03000000000003,63.2,1,1,1.0
15,3,306.89,0.0,397.09000000000003,110.91,1,1,1.0
16,4,659.13,137.02,257.94000000000005,112.67999999999998,1,1,1.0
16,5,0.0,166.08,53.93,89.41,1,1,1.0
16,2,93.88,0.0,220.99,62.95,1,1,1.0
16,3,306.89,0.0,397.09000000000003,110.82,1,1,1.0
17,4,621.81,128.66,252.32000000000005,111.14000000000001,1,1,1.0
17,5,0.0,166.79,73.61,102.00000000000003,1,1,1.0
17,2,93.88,0.0,220.94,62.7,1,1,1.0
17,3,306.89,0.0,397.09000000000003,110.73,1,1,1.0
18,4,584.5,120.3,246.70000000000005,109.60000000000001,1,1,1.0
18,5,0.0,167.5,93.3,114.60000000000002,1,1,1.0
18,2,93.88,0.0,220.89,62.45,1,1,1.0
18,3,306.89,0.0,397.09000000000003,110.64,1,1,1.0
19,4,552.37,116.34,238.33000000000004,104.13,1,1,1.0
19,5,0.0,174.8,117.03,120.02999999999997,1,1,1.0
19,2,93.88,0.0,220.85000000000002,62.2,1,1,1.0
19,3,306.89,0.0,397.09000000000003,110.55,1,1,1.0
20,4,520.23,112.38,229.97000000000003,98.65,1,1,1.0
20,5,0.0,182.1,140.77,125.47,1,1,1.0
20,2,93.88,0.0,220.8,62.28,1,1,1.0
20,3,306.89,0.0,397.09000000000003,110.46,1,1,1.0
21,4,488.1,108.42,221.60000000000002,93.17999999999999,1,1,1.0
21,5,0.0,189.4,164.5,130.9,1,1,1.0
21,2,93.88,0.0,220.75,62.36,1,1,1.0
21,3,306.89,0.0,397.09000000000003,110.37,1,1,1.0
22,4,460.53,103.55,213.84000000000003,90.45,1,1,1.0
22,5,12.51,198.76,182.46,137.64,1,1,1.0
22,2,93.88,0.0,220.70999999999998,62.44,1,1,1.0
22,3,306.89,0.0,397.09000000000003,110.28,1,1,1.0
23,4,432.97,98.67,206.05999999999995,87.73,1,1,1.0
23,5,25.02,208.13,200.41,144.37,1,1,1.0
23,2,93.88,0.0,220.66000000000003,62.52,1,1,1.0
23,3,306.89,0.0,397.09000000000003,110.19,1,1,1.0
24,4,405.41,93.8,198.29000000000002,85.00000000000001,1,1,1.0
24,5,37.54,217.5,218.36,151.10000000000002,1,1,1.0
24,2,93.88,0.0,220.61,62.6,1,1,1.0
24,3,306.89,0.0,397.09000000000003,110.1,1,1,1.0
25,4,380.28,89.69,192.19000000000005,82.71000000000001,1,1,1.0
25,5,62.44,227.69,237.08999999999997,162.74,1,1,1.0
25,2,93.88,0.0,220.57,63.45,1,1,1.0
25,3,306.89,0.0,397.09000000000003,110.0,1,1,1.0
26,4,355.15,85.58,186.08000000000004,80.42,1,1,1.0
26,5,87.35,237.89,255.82000000000002,174.38,1,1,1.0
26,2,93.88,0.0,220.51999999999998,64.3,1,1,1.0
26,3,306.89,0.0,397.09000000000003,109.91,1,1,1.0
27,4,330.02,81.47,179.98000000000002,78.13,1,1,1.0
27,5,112.26,248.08,274.54,186.02,1,1,1.0
27,2,93.88,0.0,220.51999999999998,63.0,1,1,1.0
27,3,306.89,0.0,397.09000000000003,109.82,1,1,1.0
28,4,309.61,77.96,173.89,76.47000000000001,1,1,1.0
28,5,144.99,262.94,297.38,200.03000000000003,1,1,1.0
28,2,93.88,0.0,220.51999999999998,61.7,1,1,1.0
28,3,306.89,0.0,397.09000000000003,109.73,1,1,1.0
29,4,289.21,74.46,167.79000000000002,74.81000000000002,1,1,1.0
29,5,177.72,277.8,320.21000000000004,214.02999999999997,1,1,1.0
29,6,916.34,185.68,43.65999999999997,64.73999999999998,1,1,1.0
29,2,93.88,0.0,220.51999999999998,60.4,1,1,1.0
29,3,306.89,0.0,397.09000000000003,109.64,1,1,1.0
30,4,268.8,70.96,161.7,73.14,1,1,1.0
30,5,210.45,292.66,343.05,228.04000000000002,1,1,1.0
30,6,866.22,171.49,93.77999999999997,76.97,1,1,1.0
30,2,93.88,0.0,220.51999999999998,60.28,1,1,1.0
30,3,306.89,0.0,397.09000000000003,109.55,1,1,1.0
31,4,251.29,66.85,156.38000000000002,72.52000000000001,1,1,1.0
31,5,255.46,311.18,365.43999999999994,228.82,1,1,1.0
31,6,816.1,157.3,143.89999999999998,89.19999999999999,1,1,1.0
31,2,93.88,0.0,220.51999999999998,60.17,1,1,1.0
31,3,306.89,0.0,397.09000000000003,109.46,1,1,1.0
32,4,233.77,62.74,151.05999999999997,71.88999999999999,1,1,1.0
32,5,300.46,329.7,387.84,210.3,1,1,1.0
32,6,772.3,145.85,187.70000000000005,98.30000000000001,1,1,1.0
32,2,93.88,0.0,220.51999999999998,60.05,1,1,1.0
32,3,306.89,0.0,397.09000000000003,109.37,1,1,1.0
33,4,216.26,58.62,145.74,71.28,1,1,1.0
33,5,345.47,348.22,410.23,191.77999999999997,1,1,1.0
33,6,728.5,134.4,231.5,107.4,1,1,1.0
33,2,93.88,0.0,220.51999999999998,59.93,1,1,1.0
33,3,306.89,0.0,397.09000000000003,109.28,1,1,1.0
34,4,200.57,57.55,141.93,68.08,1,1,1.0
34,5,411.58,372.77,430.21999999999997,167.23000000000002,1,1,1.0
34,6,688.24,123.35,249.65999999999997,107.4,1,1,1.0
34,2,93.88,0.0,220.51999999999998,59.82,1,1,1.0
34,3,306.89,0.0,397.09000000000003,109.19,1,1,1.0
35,4,184.89,56.47,138.11,64.9,1,1,1.0
35,5,477.68,397.31,433.42,142.69,1,1,1.0
35,6,651.39,115.73,239.68000000000006,105.27,1,1,1.0
35,2,93.88,0.0,220.51999999999998,59.7,1,1,1.0
35,3,306.89,0.0,397.09000000000003,109.1,1,1,1.0
36,4,169.2,55.4,134.3,61.699999999999996,1,1,1.0
36,5,543.79,421.86,398.01,118.13999999999999,1,1,1.0
36,6,614.55,108.12,229.68000000000006,103.13,1,1,1.0
36,2,93.88,0.0,220.51999999999998,59.58,1,1,1.0
36,3,306.89,0.0,397.09000000000003,108.47,1,1,1.0
37,4,154.74,52.66,130.49,60.64,1,1,1.0
37,5,646.18,452.55,304.72,87.44999999999999,1,1,1.0
37,6,577.71,100.5,219.68999999999994,101.0,1,1,1.0
37,2,93.88,0.0,220.51999999999998,59.47,1,1,1.0
37,3,306.89,0.0,397.09000000000003,107.83,1,1,1.0
38,4,140.27,49.92,126.70000000000002,59.58,1,1,1.0
38,5,748.58,483.23,211.41999999999996,56.76999999999998,1,1,1.0
38,6,544.82,94.45,213.88,97.32000000000001,1,1,1.0
38,2,93.88,0.0,220.51999999999998,59.35,1,1,1.0
38,3,306.89,0.0,397.09000000000003,107.2,1,1,1.0
39,4,125.8,47.18,122.89999999999999,58.52,1,1,1.0
39,5,872.61,520.06,87.38999999999999,19.940000000000055,1,1,1.0
39,6,511.92,88.4,208.07999999999998,93.63,1,1,1.0
39,2,93.88,0.0,220.51999999999998,59.23,1,1,1.0
39,3,306.89,0.0,397.09000000000003,105.3,1,1,1.0
40,4,112.86,44.89,120.17,57.91,1,1,1.0
40,6,479.03,82.34,202.26999999999998,89.96000000000001,1,1,1.0
40,2,93.88,0.0,220.51999999999998,59.12,1,1,1.0
40,3,306.89,0.0,397.09000000000003,106.7,1,1,1.0
41,4,99.91,42.61,117.46000000000001,57.290000000000006,1,1,1.0
41,6,451.13,79.18,194.64,85.75,1,1,1.0
41,2,93.88,0.0,220.51999999999998,59.0,1,1,1.0
41,3,306.26,0.0,397.09000000000003,106.7,1,1,1.0
42,4,86.97,40.32,114.72999999999999,56.68,1,1,1.0
42,6,423.24,76.03,186.99,81.53999999999999,1,1,1.0
42,2,93.88,0.0,220.14999999999998,58.55,1,1,1.0
42,3,305.62,0.0,397.1,106.7,1,1,1.0
43,4,75.7,38.5,111.83,55.769999999999996,1,1,1.0
43,6,395.34,72.87,179.36000000000007,77.32999999999998,1,1,1.0
43,2,93.88,0.0,219.79000000000002,58.1,1,1,1.0
43,3,304.99,0.0,397.09000000000003,106.7,1,1,1.0
44,4,64.43,36.67,108.94,54.86,1,1,1.0
44,6,372.71,68.92,172.79000000000002,75.74999999999999,1,1,1.0
44,2,93.88,0.0,219.42000000000002,57.65,1,1,1.0
44,3,304.64,0.0,397.09000000000003,106.7,1,1,1.0
45,4,53.16,34.84,106.03999999999999,53.959999999999994,1,1,1.0
45,6,350.08,64.97,166.21999999999997,74.16,1,1,1.0
45,2,93.88,0.0,220.51999999999998,57.2,1,1,1.0
45,3,304.28,0.0,397.09000000000003,106.7,1,1,1.0
46,4,43.46,32.99,103.34,53.13999999999999,1,1,1.0
46,6,327.45,61.03,159.65000000000003,72.57,1,1,1.0
46,2,93.88,0.0,219.62,57.2,1,1,1.0
46,3,303.93,0.0,397.09,106.7,1,1,1.0
47,4,33.76,31.14,100.64000000000001,52.33,1,1,1.0
47,6,306.24,57.83,154.52999999999997,71.14,1,1,1.0
47,2,93.88,0.0,218.72000000000003,57.2,1,1,1.0
47,3,303.57,0.0,397.09,106.7,1,1,1.0
48,4,24.06,29.29,97.94,51.51,1,1,1.0
48,6,285.02,54.63,149.41000000000003,69.69999999999999,1,1,1.0
48,2,94.16,0.0,218.44000000000003,56.92,1,1,1.0
48,3,303.57,0.0,397.09,106.7,1,1,1.0
49,4,16.04,28.14,94.83000000000001,49.959999999999994,1,1,1.0
49,6,263.81,51.43,144.29000000000002,68.27000000000001,1,1,1.0
49,2,94.45,0.0,218.15000000000003,56.64,1,1,1.0
49,3,303.57,0.0,397.09,106.7,1,1,1.0
50,4,8.02,27.0,91.71000000000001,48.400000000000006,1,1,1.0
50,6,246.39,48.64,139.04000000000002,66.83,1,1,1.0
50,2,94.73,0.0,217.87,56.36,1,1,1.0
50,3,303.57,0.0,397.09,106.7,1,1,1.0
51,4,0.0,25.85,88.6,46.85,1,1,1.0
51,6,228.96,45.85,133.80999999999997,65.38,1,1,1.0
51,2,95.02,0.0,217.58000000000004,56.08,1,1,1.0
51,3,303.57,0.0,397.09,106.7,1,1,1.0
52,4,0.0,23.97,78.85,46.43000000000001,1,1,1.0
52,6,211.54,43.06,128.56000000000003,63.94,1,1,1.0
52,2,95.3,0.0,217.3,55.8,1,1,1.0
52,3,303.57,0.0,397.09,106.7,1,1,1.0
53,4,0.0,22.08,69.1,46.019999999999996,1,1,1.0
53,6,196.57,41.27,125.19999999999999,62.93,1,1,1.0
53,2,95.3,0.0,217.3,55.8,1,1,1.0
53,3,303.57,0.0,397.09,106.7,1,1,1.0
54,4,0.0,20.2,59.35,45.599999999999994,1,1,1.0
54,6,181.6,39.48,121.83000000000001,61.92000000000001,1,1,1.0
54,2,95.3,0.0,217.3,55.8,1,1,1.0
54,3,303.57,0.0,397.09,106.7,1,1,1.0
55,4,0.0,19.53,50.17,44.3,1,1,1.0
55,6,166.63,37.7,118.47000000000003,60.89999999999999,1,1,1.0
55,2,95.3,0.0,217.3,55.8,1,1,1.0
55,3,303.57,0.0,397.09,106.7,1,1,1.0
56,4,0.0,18.87,41.0,43.0,1,1,1.0
56,6,153.23,36.36,114.66999999999999,59.34,1,1,1.0
56,2,95.3,0.0,217.3,55.8,1,1,1.0
56,3,303.57,0.0,397.09,106.7,1,1,1.0
57,4,0.0,18.2,31.82,41.7,1,1,1.0
57,6,139.82,35.02,110.88,57.779999999999994,1,1,1.0
57,2,95.3,0.0,217.3,55.8,1,1,1.0
57,3,303.57,0.0,397.09,106.7,1,1,1.0
58,4,0.0,21.57,23.38,36.6,1,1,1.0
58,6,126.42,33.67,107.08,56.230000000000004,1,1,1.0
58,2,95.3,0.0,217.3,55.8,1,1,1.0
58,3,303.57,0.0,397.09,106.7,1,1,1.0
59,4,0.0,24.93,14.94,31.5,1,1,1.0
59,6,113.35,33.17,104.9,55.58,1,1,1.0
59,2,95.3,0.0,217.3,55.8,1,1,1.0
59,3,303.57,0.0,397.09,106.7,1,1,1.0
60,4,0.0,28.3,6.5,26.400000000000002,1,1,1.0
60,6,100.28,32.67,102.72,54.92999999999999,1,1,1.0
60,2,95.3,0.0,217.3,55.8,1,1,1.0
60,3,303.57,0.0,397.09,106.7,1,1,1.0
