1,1,122.9,334.04,134.10999999999999,58.68000000000001,1,1,1.0
1,2,209.7,250.62,93.24000000000001,40.75999999999999,1,1,1.0
1,3,733.44,268.12,72.18999999999994,37.18000000000001,1,1,1.0
2,1,99.97,338.91,134.11,58.67999999999995,1,1,1.0
2,2,209.6,251.3,93.34,40.079999999999984,1,1,1.0
2,3,719.7,269.37,72.17999999999995,37.18000000000001,1,1,1.0
3,1,74.26,341.7,138.94,60.06,1,1,1.0
3,2,209.51,251.6,93.43,39.78,1,1,1.0
3,3,707.45,271.37,73.14999999999998,37.18000000000001,1,1,1.0
4,1,49.94,345.9,141.06,61.420000000000016,1,1,1.0
4,2,209.42,251.9,93.52000000000001,39.47999999999999,1,1,1.0
4,3,693.0,272.4,74.89999999999998,38.900000000000034,1,1,1.0
5,1,23.5,349.37,145.3,61.420000000000016,1,1,1.0
5,2,209.32,252.08,93.62,39.29999999999998,1,1,1.0
5,3,679.76,274.15,74.89999999999998,38.900000000000034,1,1,1.0
6,1,0.0,352.85,147.26,62.849999999999966,1,1,1.0
6,2,209.23,252.26,93.71000000000001,39.120000000000005,1,1,1.0
6,3,665.01,275.6,77.19000000000005,40.94999999999999,1,1,1.0
7,1,0.0,354.9,124.3,66.40000000000003,1,1,1.0
7,2,209.14,252.44,93.80000000000001,38.94,1,1,1.0
7,3,650.8,276.8,77.90000000000009,42.75,1,1,1.0
8,1,0.0,360.46,101.4,66.40000000000003,1,1,1.0
8,2,209.04,252.62,93.9,38.75999999999999,1,1,1.0
8,3,635.8,278.55,79.70000000000005,42.75,1,1,1.0
9,1,0.0,362.5,77.1,58.10000000000002,1,1,1.0
9,2,208.95,252.8,93.99000000000001,38.579999999999984,1,1,1.0
9,3,621.06,280.8,81.44000000000005,42.75,1,1,1.0
10,1,0.0,369.45,52.1,56.05000000000001,1,1,1.0
10,2,208.99,252.95,93.94999999999999,38.710000000000036,1,1,1.0
10,3,605.81,283.05,81.45000000000005,42.75,1,1,1.0
11,1,0.0,377.8,27.8,49.77999999999997,1,1,1.0
11,2,209.03,253.1,93.91,38.83000000000001,1,1,1.0
11,3,590.32,285.0,83.67999999999995,44.29000000000002,1,1,1.0
12,2,209.06,253.25,93.88,38.94999999999999,1,1,1.0
12,3,574.58,286.5,84.41999999999996,44.29000000000002,1,1,1.0
13,2,209.1,253.4,93.84,39.08000000000001,1,1,1.0
13,3,559.6,289.25,86.39999999999998,40.05000000000001,1,1,1.0
14,2,209.57,253.65,93.63999999999999,39.650000000000006,1,1,1.0
14,3,543.36,291.0,87.43999999999994,45.5,1,1,1.0
15,2,209.2,253.3,93.74000000000001,40.30000000000001,1,1,1.0
15,3,528.11,293.75,87.44999999999993,46.25,1,1,1.0
16,2,208.3,253.5,94.39999999999998,39.80000000000001,1,1,1.0
16,3,510.12,295.5,91.23000000000002,46.25,1,1,1.0
17,2,208.9,253.3,93.85999999999999,40.339999999999975,1,1,1.0
17,3,493.9,299.0,91.96000000000004,47.0,1,1,1.0
18,2,208.3,252.76,93.69999999999999,39.85000000000002,1,1,1.0
18,3,474.2,300.0,94.42000000000002,50.19999999999999,1,1,1.0
19,2,208.18,253.2,94.00999999999999,39.620000000000005,1,1,1.0
19,3,459.46,303.5,94.41000000000003,50.19999999999999,1,1,1.0
20,2,208.61,252.77,94.32999999999998,40.49999999999997,1,1,1.0
20,3,441.22,306.0,93.88,51.69999999999999,1,1,1.0
21,2,209.8,253.2,93.13999999999999,40.30000000000001,1,1,1.0
21,3,423.97,307.25,98.92999999999995,53.64999999999998,1,1,1.0
22,2,209.0,252.9,93.94,40.79999999999998,1,1,1.0
22,3,405.23,310.24,103.16999999999996,54.65999999999997,1,1,1.0
23,2,209.4,253.6,93.53999999999999,40.41999999999999,1,1,1.0
23,3,386.49,313.99,104.40999999999997,55.610000000000014,1,1,1.0
24,2,209.1,253.4,93.84,40.79999999999998,1,1,1.0
24,3,368.75,317.24,105.94999999999999,55.610000000000014,1,1,1.0
25,2,209.0,253.8,93.94,40.39999999999998,1,1,1.0
25,3,349.51,320.99,107.49000000000001,56.110000000000014,1,1,1.0
26,2,209.0,253.0,93.94,40.89999999999998,1,1,1.0
26,3,327.9,325.99,111.80000000000001,56.110000000000014,1,1,1.0
27,2,209.0,252.84,93.94,40.900000000000006,1,1,1.0
27,3,309.04,329.05,110.15999999999997,56.110000000000014,1,1,1.0
28,2,209.0,252.67,93.94,40.900000000000006,1,1,1.0
28,3,288.08,332.27,114.82,56.120000000000005,1,1,1.0
29,2,209.0,252.51,93.94,40.900000000000034,1,1,1.0
29,3,266.48,336.0,117.41999999999996,58.5,1,1,1.0
30,2,209.0,252.34,93.94,40.900000000000006,1,1,1.0
30,3,245.19,339.1,121.81,60.39999999999998,1,1,1.0
31,2,209.0,252.18,93.94,40.89999999999998,1,1,1.0
31,3,224.07,342.0,121.81,60.39999999999998,1,1,1.0
32,2,209.0,253.0,93.94,40.079999999999984,1,1,1.0
32,3,200.7,347.0,126.40000000000003,60.39999999999998,1,1,1.0
33,2,209.14,253.07,93.66000000000003,40.079999999999984,1,1,1.0
33,3,176.03,349.42,128.97,62.47999999999996,1,1,1.0
34,2,209.28,253.14,93.38000000000002,40.06999999999999,1,1,1.0
34,3,152.82,354.09,133.98000000000002,65.11000000000001,1,1,1.0
35,2,209.41,253.21,93.11999999999998,40.069999999999965,1,1,1.0
35,3,127.3,358.24,138.39999999999998,66.50999999999999,1,1,1.0
36,2,209.55,253.27,92.83999999999997,40.08000000000001,1,1,1.0
36,3,101.79,362.38,142.81,67.92000000000002,1,1,1.0
37,2,209.5,253.27,92.88999999999999,40.08000000000001,1,1,1.0
37,3,73.82,366.53,148.72,67.91000000000003,1,1,1.0
38,2,209.45,253.27,92.94,40.08000000000001,1,1,1.0
38,3,46.88,370.4,150.82,69.23000000000002,1,1,1.0
39,2,209.4,253.27,92.98999999999998,40.08000000000001,1,1,1.0
39,3,17.88,375.32,157.02,72.88,1,1,1.0
40,2,209.35,253.27,93.03999999999999,40.08000000000001,1,1,1.0
40,3,0.0,379.72,150.8,74.97999999999996,1,1,1.0
41,2,209.3,253.27,93.08999999999997,40.08000000000001,1,1,1.0
41,3,0.0,384.9,124.9,74.98000000000002,1,1,1.0
42,2,209.3,253.0,93.08999999999997,40.35000000000002,1,1,1.0
42,3,0.0,389.31,100.6,76.29000000000002,1,1,1.0
43,2,209.3,252.73,93.08999999999997,40.349999999999994,1,1,1.0
43,3,0.0,393.5,77.55,63.04000000000002,1,1,1.0
44,2,209.57,252.86,93.09000000000003,40.349999999999966,1,1,1.0
44,3,0.0,403.3,49.58,61.00999999999999,1,1,1.0
45,2,209.85,253.0,93.09,40.35000000000002,1,1,1.0
45,3,0.0,417.3,21.9,46.19999999999999,1,1,1.0
46,2,209.85,252.73,93.09,40.349999999999994,1,1,1.0
47,2,209.68,252.73,93.08999999999997,40.349999999999994,1,1,1.0
48,2,209.52,252.73,93.09,40.349999999999994,1,1,1.0
49,2,209.36,252.73,93.07999999999998,40.349999999999994,1,1,1.0
50,2,209.19,252.73,93.08999999999997,40.349999999999994,1,1,1.0
51,2,209.03,252.73,93.08000000000001,40.349999999999994,1,1,1.0
52,2,209.08,252.84,93.09,40.349999999999994,1,1,1.0
53,2,209.14,252.95,93.08000000000004,40.35000000000002,1,1,1.0
53,4,943.21,226.55,16.789999999999964,62.75,1,1,1.0
54,2,209.19,253.05,93.08999999999997,40.360000000000014,1,1,1.0
54,4,938.61,226.55,21.389999999999986,63.079999999999984,1,1,1.0
55,2,209.25,253.16,93.07999999999998,40.359999999999985,1,1,1.0
55,4,934.0,226.55,26.0,63.420000000000016,1,1,1.0
56,2,209.3,253.27,93.08999999999997,40.359999999999985,1,1,1.0
56,4,929.4,226.55,30.600000000000023,63.75,1,1,1.0
57,2,209.3,253.55,93.08999999999997,40.349999999999966,1,1,1.0
57,4,925.9,226.55,34.10000000000002,74.57,1,1,1.0
58,2,209.3,254.2,93.08999999999997,39.69999999999999,1,1,1.0
58,4,919.05,226.55,40.950000000000045,71.06,1,1,1.0
59,2,209.34,254.4,93.09,39.70000000000002,1,1,1.0
59,4,912.2,226.55,47.799999999999955,67.55000000000001,1,1,1.0
60,2,209.38,254.59,93.09000000000003,39.70000000000002,1,1,1.0
60,4,910.8,226.55,49.200000000000045,69.88999999999999,1,1,1.0
61,2,209.42,254.79,93.09,39.70000000000002,1,1,1.0
61,4,909.4,226.55,50.60000000000002,72.22999999999996,1,1,1.0
62,2,209.46,254.99,93.09,39.69999999999999,1,1,1.0
62,4,897.8,226.55,62.200000000000045,74.57,1,1,1.0
63,2,209.62,255.15,93.08999999999997,39.70000000000002,1,1,1.0
63,4,892.3,227.35,67.43000000000006,74.57000000000002,1,1,1.0
64,2,209.62,255.46,93.08999999999997,39.70000000000002,1,1,1.0
64,4,886.8,228.15,72.67000000000007,74.57000000000002,1,1,1.0
65,2,209.62,255.78,93.08999999999997,39.70000000000002,1,1,1.0
65,4,881.8,228.95,77.40000000000009,74.56,1,1,1.0
66,2,209.46,255.78,93.09,39.70000000000002,1,1,1.0
66,4,876.8,229.74,82.13,74.57,1,1,1.0
67,2,209.3,255.78,93.08999999999997,39.70000000000002,1,1,1.0
67,4,865.97,230.54,92.69999999999993,74.57000000000002,1,1,1.0
68,2,209.46,256.02,93.09,39.700000000000045,1,1,1.0
68,4,861.3,229.37,98.03000000000009,78.88999999999999,1,1,1.0
69,2,209.62,256.25,93.07999999999998,39.69999999999999,1,1,1.0
69,4,856.63,228.2,103.37,83.19999999999999,1,1,1.0
70,2,209.67,256.46,93.09,39.700000000000045,1,1,1.0
70,4,853.17,229.0,106.83000000000004,83.55000000000001,1,1,1.0
71,2,209.72,256.67,93.09,39.69999999999999,1,1,1.0
71,4,849.7,229.8,110.29999999999995,83.89999999999998,1,1,1.0
72,2,209.77,256.88,93.09,39.69999999999999,1,1,1.0
72,4,839.73,230.05,120.26999999999998,86.01999999999998,1,1,1.0
73,2,209.93,257.12,93.08999999999997,39.69999999999999,1,1,1.0
73,4,829.77,230.3,130.23000000000002,88.13,1,1,1.0
74,2,210.09,257.36,93.09,39.69999999999999,1,1,1.0
74,4,819.8,230.54,140.20000000000005,90.26000000000002,1,1,1.0
75,2,210.09,257.36,92.74999999999997,39.69999999999999,1,1,1.0
75,4,814.3,232.12,145.70000000000005,89.88,1,1,1.0
76,2,210.09,257.36,92.41,39.69999999999999,1,1,1.0
76,4,812.0,233.7,148.0,89.5,1,1,1.0
76,5,798.78,259.19,17.600000000000023,26.75,1,1,1.0
77,2,209.93,258.15,92.40999999999997,39.700000000000045,1,1,1.0
77,4,800.8,234.49,159.20000000000005,89.5,1,1,1.0
77,5,789.52,259.75,18.930000000000064,27.269999999999982,1,1,1.0
78,2,209.77,257.52,92.41,39.700000000000045,1,1,1.0
78,4,789.6,235.27,166.15999999999997,89.49999999999997,1,1,1.0
78,5,780.26,260.3,20.269999999999982,27.789999999999964,1,1,1.0
79,2,209.22,257.28,92.41,39.700000000000045,1,1,1.0
79,4,778.4,236.05,173.12,89.5,1,1,1.0
79,5,771.0,260.86,21.600000000000023,28.310000000000002,1,1,1.0
80,2,208.67,257.04,92.41,39.69999999999999,1,1,1.0
80,4,769.0,236.84,179.70000000000005,89.49999999999997,1,1,1.0
80,5,761.06,261.3,23.470000000000027,28.75,1,1,1.0
80,6,948.85,238.95,8.18999999999994,30.829999999999984,1,1,1.0
81,2,208.71,256.96,92.41,39.700000000000045,1,1,1.0
81,4,764.6,237.62,177.11,94.48000000000002,1,1,1.0
81,5,751.12,261.75,25.350000000000023,29.189999999999998,1,1,1.0
81,6,942.91,239.55,8.190000000000055,30.829999999999984,1,1,1.0
82,2,208.75,256.89,92.41000000000003,39.69999999999999,1,1,1.0
82,4,755.03,238.93,181.26999999999998,95.17000000000002,1,1,1.0
82,5,741.18,262.2,27.220000000000027,29.629999999999995,1,1,1.0
82,6,936.97,240.16,8.18999999999994,30.830000000000013,1,1,1.0
83,2,208.79,256.81,92.41,39.69999999999999,1,1,1.0
83,4,745.47,240.24,185.40999999999997,95.86000000000001,1,1,1.0
83,5,730.68,262.43,28.82000000000005,30.120000000000005,1,1,1.0
83,6,931.03,240.76,8.190000000000055,30.829999999999984,1,1,1.0
84,2,208.83,256.73,92.41,39.69999999999999,1,1,1.0
84,4,735.9,241.55,189.57000000000005,96.55000000000001,1,1,1.0
84,5,720.18,262.67,30.420000000000073,30.609999999999957,1,1,1.0
84,6,925.01,241.52,8.190000000000055,30.830000000000013,1,1,1.0
85,2,208.79,256.53,92.41,39.700000000000045,1,1,1.0
85,4,727.63,242.07,191.57000000000005,98.60000000000002,1,1,1.0
85,5,709.69,262.9,32.00999999999999,31.100000000000023,1,1,1.0
85,6,918.99,242.28,8.18999999999994,30.830000000000013,1,1,1.0
86,2,208.75,256.33,92.41000000000003,39.69999999999999,1,1,1.0
86,4,719.37,242.58,193.54999999999995,100.65,1,1,1.0
86,5,698.52,263.33,33.85000000000002,31.28000000000003,1,1,1.0
86,6,912.96,243.05,8.18999999999994,30.829999999999984,1,1,1.0
87,2,208.71,256.14,92.41,39.69999999999999,1,1,1.0
87,4,711.1,243.1,195.54999999999995,102.70000000000002,1,1,1.0
87,5,687.36,263.77,35.66999999999996,31.450000000000045,1,1,1.0
87,6,896.01,243.3,18.799999999999955,31.420000000000016,1,1,1.0
88,2,208.67,255.94,92.41,39.69999999999999,1,1,1.0
88,4,703.48,244.3,196.89,104.69999999999999,1,1,1.0
88,5,676.2,264.2,37.5,31.629999999999995,1,1,1.0
88,6,879.05,243.55,29.420000000000073,32.00999999999999,1,1,1.0
89,2,208.67,255.8,92.41,39.839999999999975,1,1,1.0
89,4,695.86,245.5,198.24,106.69999999999999,1,1,1.0
89,5,664.7,264.87,38.569999999999936,31.680000000000007,1,1,1.0
89,6,862.1,243.8,40.02999999999997,32.610000000000014,1,1,1.0
90,2,208.67,255.72,92.41,39.84,1,1,1.0
90,4,680.2,245.5,206.04999999999995,107.49000000000001,1,1,1.0
90,5,653.2,265.53,39.629999999999995,31.75,1,1,1.0
90,6,853.99,244.68,40.65999999999997,32.920000000000016,1,1,1.0
91,2,208.67,255.64,92.41,39.84000000000003,1,1,1.0
91,4,668.95,246.28,211.01999999999998,109.30999999999997,1,1,1.0
91,5,641.7,266.2,40.69999999999993,31.80000000000001,1,1,1.0
91,6,845.88,245.57,41.299999999999955,33.23000000000002,1,1,1.0
92,2,208.67,255.56,92.41,39.839999999999975,1,1,1.0
92,4,657.7,247.07,215.9799999999999,111.13,1,1,1.0
92,5,628.98,266.7,51.91999999999996,31.960000000000036,1,1,1.0
92,6,837.77,246.45,41.930000000000064,33.55000000000001,1,1,1.0
93,2,208.67,255.48,92.41,39.84,1,1,1.0
93,4,646.46,247.85,220.93999999999994,112.95000000000002,1,1,1.0
93,5,616.26,267.2,63.139999999999986,32.129999999999995,1,1,1.0
93,6,830.06,246.61,41.930000000000064,33.55000000000001,1,1,1.0
94,2,208.67,255.48,92.45000000000002,39.84,1,1,1.0
94,4,634.16,248.9,224.62,115.03,1,1,1.0
94,5,603.55,267.7,74.35000000000002,32.30000000000001,1,1,1.0
94,6,822.36,246.77,41.91999999999996,33.54999999999998,1,1,1.0
95,2,208.67,255.48,92.49000000000004,39.84,1,1,1.0
95,4,621.87,249.95,228.27999999999997,117.12,1,1,1.0
95,5,591.16,268.2,76.07000000000005,32.30000000000001,1,1,1.0
95,6,814.65,246.93,41.930000000000064,33.55000000000001,1,1,1.0
96,2,208.67,255.48,92.53,39.84,1,1,1.0
96,4,609.57,251.0,231.95999999999992,119.19999999999999,1,1,1.0
96,5,578.78,268.7,77.79000000000008,32.30000000000001,1,1,1.0
96,6,802.41,247.73,46.26999999999998,30.72,1,1,1.0
97,2,208.67,255.48,92.57000000000002,39.84,1,1,1.0
97,4,597.8,252.83,236.42000000000007,119.19999999999996,1,1,1.0
97,5,566.39,269.2,79.50999999999999,32.30000000000001,1,1,1.0
97,6,790.16,248.54,50.629999999999995,27.890000000000015,1,1,1.0
98,2,208.67,255.48,92.60999999999999,39.84,1,1,1.0
98,4,586.03,254.66,240.88,119.20000000000002,1,1,1.0
98,5,554.98,269.9,80.76999999999998,32.960000000000036,1,1,1.0
98,6,777.92,249.34,54.98000000000002,25.059999999999974,1,1,1.0
99,2,208.67,255.48,92.65,39.84,1,1,1.0
99,4,574.25,256.49,245.35000000000002,119.19999999999999,1,1,1.0
99,5,543.57,270.6,82.02999999999997,33.620000000000005,1,1,1.0
99,6,766.52,249.94,56.14999999999998,21.060000000000002,1,1,1.0
100,2,208.67,255.48,92.69000000000003,39.84,1,1,1.0
100,4,560.91,257.28,250.06000000000006,122.35000000000002,1,1,1.0
100,5,525.9,272.53,79.50999999999999,32.30000000000001,1,1,1.0
100,6,755.11,250.55,57.319999999999936,17.05000000000001,1,1,1.0
101,2,208.67,255.48,92.72999999999999,39.84,1,1,1.0
101,4,547.57,258.06,254.76,125.5,1,1,1.0
101,5,512.16,272.87,86.5,32.30000000000001,1,1,1.0
101,6,743.71,251.15,58.49000000000001,13.049999999999983,1,1,1.0
102,2,208.67,255.48,92.77000000000001,39.84,1,1,1.0
102,4,534.23,258.85,259.47,128.64999999999998,1,1,1.0
102,5,498.41,273.2,93.48999999999995,32.30000000000001,1,1,1.0
102,6,732.63,251.79,60.74000000000001,13.580000000000013,1,1,1.0
103,2,208.67,255.48,92.81000000000003,39.84,1,1,1.0
103,4,519.84,261.2,265.23,129.96000000000004,1,1,1.0
103,5,484.97,273.77,96.15999999999997,32.83000000000004,1,1,1.0
103,6,721.55,252.43,62.98000000000002,14.099999999999966,1,1,1.0
104,2,208.67,255.48,92.85,39.84,1,1,1.0
104,4,505.46,263.55,270.96999999999997,131.26999999999998,1,1,1.0
104,5,471.53,274.33,98.84000000000003,33.370000000000005,1,1,1.0
104,6,710.47,253.07,65.23000000000002,14.629999999999995,1,1,1.0
105,2,208.67,255.48,92.89000000000001,39.84,1,1,1.0
105,4,491.07,265.9,276.72999999999996,132.59000000000003,1,1,1.0
105,5,458.09,274.9,101.51000000000005,33.900000000000034,1,1,1.0
105,6,696.55,253.84,68.78000000000009,15.460000000000008,1,1,1.0
105,7,949.2,228.74,10.799999999999955,35.879999999999995,1,1,1.0
106,2,208.67,255.48,92.93000000000004,39.84,1,1,1.0
106,4,475.9,268.27,283.0,134.39000000000004,1,1,1.0
106,5,443.99,275.34,101.5,34.23000000000002,1,1,1.0
106,6,682.62,254.6,72.35000000000002,16.299999999999983,1,1,1.0
106,7,945.07,224.23,14.92999999999995,41.47999999999999,1,1,1.0
107,2,208.67,255.48,93.22999999999999,39.84,1,1,1.0
107,4,460.72,270.63,289.28,136.2,1,1,1.0
107,5,429.88,275.79,101.50999999999999,34.539999999999964,1,1,1.0
107,6,668.7,255.36,75.89999999999998,17.139999999999986,1,1,1.0
107,7,940.93,219.71,19.07000000000005,47.099999999999994,1,1,1.0
108,2,208.67,255.48,93.53,39.84,1,1,1.0
108,4,445.55,273.0,295.55,138.0,1,1,1.0
108,5,415.77,276.23,101.50999999999999,34.870000000000005,1,1,1.0
108,6,653.61,255.91,80.62,18.28,1,1,1.0
108,7,936.8,215.2,23.200000000000045,52.69999999999999,1,1,1.0
109,2,208.67,255.48,93.53,39.82000000000002,1,1,1.0
109,4,429.33,273.8,301.57,142.17000000000002,1,1,1.0
109,5,401.72,276.73,103.29999999999995,35.46999999999997,1,1,1.0
109,6,638.51,256.45,85.36000000000001,19.420000000000016,1,1,1.0
109,7,932.03,215.2,27.970000000000027,53.06999999999999,1,1,1.0
110,2,208.67,255.48,93.53,39.79999999999998,1,1,1.0
110,4,413.11,274.6,307.59000000000003,146.33999999999997,1,1,1.0
110,5,387.67,277.23,105.08999999999997,36.06999999999999,1,1,1.0
110,6,623.42,257.0,90.08000000000004,20.560000000000002,1,1,1.0
110,7,927.27,215.2,32.73000000000002,53.43000000000001,1,1,1.0
111,2,208.67,255.48,93.53,39.78999999999999,1,1,1.0
111,4,396.9,275.4,313.6,150.51000000000005,1,1,1.0
111,5,373.62,277.73,106.88,36.66999999999996,1,1,1.0
111,6,608.4,257.4,93.07000000000005,21.54000000000002,1,1,1.0
111,7,922.5,215.2,37.5,53.80000000000001,1,1,1.0
112,2,208.67,255.48,93.53,39.77000000000001,1,1,1.0
112,4,378.85,277.5,320.91999999999996,152.87,1,1,1.0
112,5,359.13,278.79,107.30000000000001,36.66999999999996,1,1,1.0
112,6,593.39,257.8,96.03999999999996,22.519999999999982,1,1,1.0
112,7,916.77,215.2,43.23000000000002,54.400000000000034,1,1,1.0
113,2,208.67,255.48,93.53,39.75000000000003,1,1,1.0
113,4,360.8,279.6,328.22999999999996,155.23999999999995,1,1,1.0
113,5,344.63,279.84,107.74000000000001,36.670000000000016,1,1,1.0
113,6,578.38,258.21,99.01999999999998,23.49000000000001,1,1,1.0
113,7,911.03,215.2,48.97000000000003,55.0,1,1,1.0
114,2,208.67,255.48,93.53,39.72999999999999,1,1,1.0
114,4,342.75,281.7,335.54999999999995,157.60000000000002,1,1,1.0
114,5,330.13,280.9,108.17000000000002,36.670000000000016,1,1,1.0
114,6,565.6,258.7,98.39999999999998,27.69999999999999,1,1,1.0
114,7,905.3,215.2,54.700000000000045,55.60000000000002,1,1,1.0
115,2,208.67,255.48,93.53,39.71000000000001,1,1,1.0
115,4,322.86,283.27,343.93999999999994,161.0,1,1,1.0
115,5,314.58,281.62,109.29000000000002,36.670000000000016,1,1,1.0
115,6,553.44,260.15,98.39999999999998,27.700000000000045,1,1,1.0
115,7,900.53,215.43,59.47000000000003,55.96999999999997,1,1,1.0
116,2,208.67,255.48,93.53,39.690000000000026,1,1,1.0
116,4,302.98,284.83,352.31999999999994,164.40000000000003,1,1,1.0
116,5,299.03,282.34,110.40000000000003,36.670000000000016,1,1,1.0
116,6,553.17,260.15,86.03000000000009,27.700000000000045,1,1,1.0
116,7,895.77,215.67,64.23000000000002,56.33000000000001,1,1,1.0
117,2,208.67,255.48,93.53,39.66999999999999,1,1,1.0
117,4,283.1,286.4,360.69999999999993,167.8,1,1,1.0
117,5,283.48,283.07,111.51999999999998,36.660000000000025,1,1,1.0
117,6,522.27,261.5,102.83000000000004,30.50999999999999,1,1,1.0
117,7,891.0,215.9,69.0,56.70000000000002,1,1,1.0
118,2,208.67,255.48,93.53,39.650000000000006,1,1,1.0
118,4,262.17,288.23,370.12999999999994,172.25,1,1,1.0
118,5,268.15,284.51,112.12,36.670000000000016,1,1,1.0
118,6,507.4,262.5,104.89999999999998,31.170000000000016,1,1,1.0
118,7,886.05,216.1,73.22000000000003,57.599999999999994,1,1,1.0
119,2,208.67,255.48,93.53,39.640000000000015,1,1,1.0
119,4,241.25,290.07,379.54999999999995,176.69,1,1,1.0
119,5,252.83,285.95,112.69999999999996,36.670000000000016,1,1,1.0
119,6,492.53,263.5,106.97000000000003,31.819999999999993,1,1,1.0
119,7,881.1,216.3,77.42999999999995,58.5,1,1,1.0
120,2,208.67,255.48,93.53,39.62000000000003,1,1,1.0
120,4,220.32,291.9,388.97999999999996,181.13,1,1,1.0
120,5,237.5,287.4,113.30000000000001,36.660000000000025,1,1,1.0
120,6,477.66,264.5,109.04000000000002,32.48000000000002,1,1,1.0
120,7,875.13,217.14,78.88999999999999,57.900000000000034,1,1,1.0
121,2,208.67,255.48,93.53,39.599999999999994,1,1,1.0
121,4,196.51,293.2,400.49,186.64,1,1,1.0
121,5,220.28,287.9,114.95000000000002,38.33000000000004,1,1,1.0
121,6,463.42,265.17,106.44999999999999,34.22999999999996,1,1,1.0
121,7,869.15,217.99,80.36000000000001,57.30000000000001,1,1,1.0
122,2,208.67,255.48,93.53,39.58000000000001,1,1,1.0
122,4,172.71,294.5,411.99,192.14,1,1,1.0
122,5,203.06,288.4,116.61000000000001,40.0,1,1,1.0
122,6,449.18,265.83,103.84999999999997,35.99000000000001,1,1,1.0
122,7,863.18,218.83,81.82000000000005,56.69999999999996,1,1,1.0
123,2,208.67,255.48,93.53,39.56000000000003,1,1,1.0
123,4,148.9,295.8,423.5,197.64,1,1,1.0
123,5,185.85,288.9,118.25000000000003,41.660000000000025,1,1,1.0
123,6,434.94,266.5,101.26000000000005,37.74000000000001,1,1,1.0
123,7,857.92,218.95,82.56000000000006,57.670000000000016,1,1,1.0
124,2,208.67,255.48,93.53,39.53999999999999,1,1,1.0
124,4,122.22,298.67,436.85,201.31,1,1,1.0
124,5,168.73,290.12,119.6,41.65999999999997,1,1,1.0
124,6,420.51,267.17,105.56000000000006,39.49000000000001,1,1,1.0
124,7,852.66,219.07,83.31000000000006,58.639999999999986,1,1,1.0
125,2,208.67,255.48,93.53,39.52000000000001,1,1,1.0
125,4,95.54,301.53,450.19,204.99,1,1,1.0
125,5,151.62,291.34,120.93,41.670000000000016,1,1,1.0
125,6,406.09,267.83,109.83999999999997,41.24000000000001,1,1,1.0
125,7,847.4,219.2,84.05000000000007,59.60000000000002,1,1,1.0
126,2,208.67,255.48,93.53,39.51000000000002,1,1,1.0
126,4,68.86,304.4,463.53999999999996,208.65999999999997,1,1,1.0
126,5,134.5,292.57,122.27999999999997,41.660000000000025,1,1,1.0
126,6,391.67,268.5,114.13,42.99000000000001,1,1,1.0
126,7,842.15,219.81,84.06000000000006,59.60000000000002,1,1,1.0
127,2,208.67,255.48,93.53,39.49000000000004,1,1,1.0
127,4,45.9,307.53,471.6,213.38,1,1,1.0
127,5,116.39,293.41,123.83,42.97999999999996,1,1,1.0
127,6,377.3,269.31,114.12,42.99000000000001,1,1,1.0
127,7,836.91,220.42,84.05000000000007,59.599999999999994,1,1,1.0
128,2,208.67,255.48,93.53,39.47,1,1,1.0
128,4,22.95,310.67,479.65000000000003,218.07999999999998,1,1,1.0
128,5,98.29,294.25,125.36999999999999,44.31,1,1,1.0
128,6,362.92,270.11,114.13,42.99000000000001,1,1,1.0
128,7,831.66,221.03,84.05000000000007,59.599999999999994,1,1,1.0
129,2,208.67,255.48,93.53,39.45000000000002,1,1,1.0
129,4,0.0,313.8,487.7,222.8,1,1,1.0
129,5,80.18,295.1,126.91999999999999,45.629999999999995,1,1,1.0
129,6,348.55,270.92,114.12,42.99000000000001,1,1,1.0
129,7,824.09,221.28,86.38,59.96000000000001,1,1,1.0
130,2,208.67,255.48,93.53,39.430000000000035,1,1,1.0
130,4,0.0,315.89,471.74,221.84000000000003,1,1,1.0
130,5,60.86,297.15,128.91000000000003,45.629999999999995,1,1,1.0
130,6,333.14,271.81,116.37,43.579999999999984,1,1,1.0
130,7,816.53,221.54,88.71000000000004,60.31000000000003,1,1,1.0
131,2,208.67,255.48,93.53,39.41,1,1,1.0
131,4,0.0,317.99,455.79,220.88,1,1,1.0
131,5,41.53,299.21,130.9,45.629999999999995,1,1,1.0
131,6,317.73,272.71,118.63,44.160000000000025,1,1,1.0
131,7,808.96,221.8,91.03999999999996,60.65999999999997,1,1,1.0
132,2,208.67,255.48,93.53,39.390000000000015,1,1,1.0
132,4,0.0,320.08,439.83,219.92000000000002,1,1,1.0
132,5,22.2,301.26,132.9,45.629999999999995,1,1,1.0
132,6,302.33,273.6,120.87,44.73999999999995,1,1,1.0
132,7,802.86,222.3,91.26999999999998,60.889999999999986,1,1,1.0
133,2,208.67,255.48,93.53,39.380000000000024,1,1,1.0
133,4,0.0,322.95,422.82,217.05,1,1,1.0
133,5,4.8,302.81,132.63,46.30000000000001,1,1,1.0
133,6,286.56,274.54,121.07,46.31999999999999,1,1,1.0
133,7,796.76,222.8,91.50999999999999,61.129999999999995,1,1,1.0
134,2,208.67,255.48,93.53,39.359999999999985,1,1,1.0
134,4,0.0,325.83,405.81,214.17000000000002,1,1,1.0
134,5,0.0,304.36,119.77,46.96999999999997,1,1,1.0
134,6,270.8,275.48,121.26999999999998,47.89999999999998,1,1,1.0
134,7,790.66,223.3,91.74000000000001,61.360000000000014,1,1,1.0
135,2,208.67,255.48,93.53,39.34,1,1,1.0
135,4,0.0,328.7,388.8,211.3,1,1,1.0
135,5,0.0,305.9,102.1,47.650000000000034,1,1,1.0
135,6,255.03,276.42,121.47,49.47999999999996,1,1,1.0
135,7,783.21,223.67,93.31999999999994,61.84,1,1,1.0
135,8,690.25,523.55,101.28999999999996,16.450000000000045,1,1,1.0
136,2,208.67,255.48,93.53,39.32000000000002,1,1,1.0
136,4,0.0,332.63,369.97,207.37,1,1,1.0
136,5,0.0,307.84,83.44,45.56,1,1,1.0
136,6,239.07,277.56,122.53000000000003,49.48000000000002,1,1,1.0
136,7,775.77,224.03,94.89999999999998,62.34,1,1,1.0
136,8,698.08,517.3,110.25,22.700000000000045,1,1,1.0
137,2,208.67,256.6,93.53,36.299999999999955,1,1,1.0
137,4,0.0,336.57,351.13,203.43,1,1,1.0
137,5,0.0,309.79,64.78,43.45999999999998,1,1,1.0
137,6,223.11,278.7,123.58999999999997,49.48000000000002,1,1,1.0
137,7,768.32,224.4,96.4799999999999,62.82000000000002,1,1,1.0
137,8,705.9,511.05,119.21000000000004,28.94999999999999,1,1,1.0
138,2,208.67,256.6,93.53,35.02999999999997,1,1,1.0
138,4,0.0,340.5,332.3,199.5,1,1,1.0
138,5,0.0,311.73,46.12,41.370000000000005,1,1,1.0
138,6,207.14,279.84,124.66000000000003,49.48000000000002,1,1,1.0
138,7,760.39,225.0,98.08000000000004,63.31999999999999,1,1,1.0
138,8,713.73,504.8,128.16999999999996,35.19999999999999,1,1,1.0
139,2,208.67,256.6,93.53,33.76999999999998,1,1,1.0
139,4,0.0,343.9,310.83,196.10000000000002,1,1,1.0
139,5,0.0,317.72,27.46,32.879999999999995,1,1,1.0
139,6,190.04,281.23,125.89000000000001,49.47999999999996,1,1,1.0
139,7,752.46,225.6,99.66999999999996,63.82000000000002,1,1,1.0
139,8,720.94,499.17,130.3599999999999,40.829999999999984,1,1,1.0
140,2,208.67,256.6,93.53,32.5,1,1,1.0
140,4,0.0,347.3,289.37,192.7,1,1,1.0
140,5,0.0,323.7,8.8,24.400000000000034,1,1,1.0
140,6,172.94,282.61,127.13,49.47999999999996,1,1,1.0
140,7,744.53,226.2,101.26999999999998,64.32,1,1,1.0
140,8,728.15,493.53,132.55000000000007,46.47000000000003,1,1,1.0
141,2,217.2,256.6,85.0,37.39999999999998,1,1,1.0
141,4,0.0,350.7,267.9,189.3,1,1,1.0
141,6,155.83,284.0,128.36999999999998,49.48000000000002,1,1,1.0
141,7,736.47,226.81,102.63,64.32,1,1,1.0
141,8,735.36,487.9,134.74,52.10000000000002,1,1,1.0
142,2,215.9,256.6,86.29999999999998,40.099999999999966,1,1,1.0
142,4,0.0,355.4,245.67,184.60000000000002,1,1,1.0
142,6,138.16,284.73,129.91,50.849999999999966,1,1,1.0
142,7,728.42,227.42,103.98000000000002,64.32000000000002,1,1,1.0
142,8,745.47,482.97,132.63,57.02999999999997,1,1,1.0
143,2,215.0,256.6,87.19999999999999,40.099999999999966,1,1,1.0
143,4,0.0,360.1,223.43,179.89999999999998,1,1,1.0
143,6,120.49,285.46,131.44,52.23000000000002,1,1,1.0
143,7,720.37,228.03,105.33000000000004,64.32000000000002,1,1,1.0
143,8,755.58,478.03,130.51999999999998,61.97000000000003,1,1,1.0
144,2,210.4,256.6,91.79999999999998,40.099999999999966,1,1,1.0
144,4,0.0,364.8,201.2,175.2,1,1,1.0
144,6,102.81,286.2,132.99,53.60000000000002,1,1,1.0
144,7,712.43,227.92,106.57000000000005,65.4,1,1,1.0
144,8,765.69,473.1,128.40999999999997,66.89999999999998,1,1,1.0
145,2,209.3,256.6,92.89999999999998,40.099999999999966,1,1,1.0
145,4,0.0,369.5,176.87,170.5,1,1,1.0
145,6,84.65,287.09,134.68,54.58000000000004,1,1,1.0
145,7,704.5,227.81,107.79999999999995,66.49000000000001,1,1,1.0
145,8,775.8,468.1,125.60000000000002,71.89999999999998,1,1,1.0
146,2,209.3,256.7,92.89999999999998,40.10000000000002,1,1,1.0
146,4,0.0,374.2,152.53,165.8,1,1,1.0
146,6,66.49,287.99,136.38,55.539999999999964,1,1,1.0
146,7,696.57,227.7,109.02999999999997,67.57,1,1,1.0
146,8,785.91,463.1,122.79000000000008,76.89999999999998,1,1,1.0
147,2,209.3,256.8,92.89999999999998,40.099999999999966,1,1,1.0
147,4,0.0,378.9,128.2,161.10000000000002,1,1,1.0
147,6,48.33,288.88,138.07,56.51999999999998,1,1,1.0
147,7,688.39,228.43,110.00999999999999,67.57999999999998,1,1,1.0
147,8,796.02,458.1,119.98000000000002,81.89999999999998,1,1,1.0
148,2,209.3,256.9,92.89999999999998,40.10000000000002,1,1,1.0
148,4,0.0,385.43,101.53,154.57,1,1,1.0
148,6,32.36,290.1,138.07999999999998,57.26999999999998,1,1,1.0
148,7,680.22,229.17,110.98000000000002,67.57000000000002,1,1,1.0
148,8,805.08,453.44,117.84999999999991,82.33999999999997,1,1,1.0
149,2,209.3,256.99,92.89999999999998,40.110000000000014,1,1,1.0
149,4,0.0,391.97,74.87,148.02999999999997,1,1,1.0
149,6,16.4,291.33,138.07,58.0,1,1,1.0
149,7,672.04,229.9,111.96000000000004,67.57000000000002,1,1,1.0
149,8,814.14,448.78,115.73000000000002,82.77999999999997,1,1,1.0
150,2,209.3,257.09,92.89999999999998,40.10000000000002,1,1,1.0
150,4,0.0,398.5,48.2,141.5,1,1,1.0
150,6,0.44,292.55,138.07,58.75,1,1,1.0
150,7,662.28,230.14,113.55000000000007,67.58000000000004,1,1,1.0
150,8,823.19,444.13,113.6099999999999,83.21000000000004,1,1,1.0
151,2,209.3,257.19,92.89999999999998,40.10000000000002,1,1,1.0
151,4,0.0,411.1,15.2,128.89999999999998,1,1,1.0
151,6,0.29,293.61,120.55,58.01999999999998,1,1,1.0
151,7,652.51,230.39,115.15999999999997,67.57,1,1,1.0
151,8,831.09,440.17,111.77999999999997,81.79000000000002,1,1,1.0
152,2,209.3,257.29,92.89999999999998,40.099999999999966,1,1,1.0
152,6,0.15,294.67,103.00999999999999,57.30000000000001,1,1,1.0
152,7,642.75,230.63,116.75,67.57,1,1,1.0
152,8,839.0,436.21,109.92999999999995,80.37000000000006,1,1,1.0
153,2,209.3,257.39,92.89999999999998,40.10000000000002,1,1,1.0
153,6,0.0,295.72,85.49,56.579999999999984,1,1,1.0
153,7,633.48,231.02,117.72000000000003,67.66999999999999,1,1,1.0
153,8,846.9,432.26,108.10000000000002,78.94,1,1,1.0
154,2,209.3,257.5,92.89999999999998,40.10000000000002,1,1,1.0
154,6,0.0,298.57,67.33,55.69999999999999,1,1,1.0
154,7,624.2,231.41,118.69999999999993,67.77000000000001,1,1,1.0
154,8,854.3,428.04,102.37,78.32999999999998,1,1,1.0
155,2,209.3,257.6,92.89999999999998,40.099999999999966,1,1,1.0
155,6,0.0,301.42,49.16,54.81,1,1,1.0
155,7,614.93,231.8,119.67000000000007,67.87,1,1,1.0
155,8,861.7,423.82,96.63,77.70999999999998,1,1,1.0
156,2,209.3,257.71,92.89999999999998,40.10000000000002,1,1,1.0
156,6,0.0,304.28,31.0,53.920000000000016,1,1,1.0
156,7,606.26,232.3,119.68000000000006,68.11000000000001,1,1,1.0
156,8,869.1,419.6,90.89999999999998,77.09999999999997,1,1,1.0
157,2,209.75,257.94,92.44999999999999,40.10000000000002,1,1,1.0
157,6,0.0,304.28,11.0,46.32000000000005,1,1,1.0
157,7,597.6,232.8,119.66999999999996,68.36000000000001,1,1,1.0
157,8,875.61,416.43,84.38999999999999,74.74000000000001,1,1,1.0
158,2,210.2,258.18,92.0,40.099999999999966,1,1,1.0
158,7,588.94,233.3,119.66999999999996,68.59999999999997,1,1,1.0
158,8,882.11,413.27,77.88999999999999,72.36000000000001,1,1,1.0
159,2,210.18,258.22,92.0,40.099999999999966,1,1,1.0
159,7,578.27,233.19,121.39999999999998,69.50999999999999,1,1,1.0
159,8,888.62,410.1,71.38,70.0,1,1,1.0
160,2,210.16,258.26,92.00000000000003,40.10000000000002,1,1,1.0
160,7,567.6,233.07,123.13999999999999,70.43,1,1,1.0
160,8,894.86,406.67,65.13999999999999,67.89999999999998,1,1,1.0
161,2,210.14,258.3,92.0,40.099999999999966,1,1,1.0
161,7,556.93,232.96,124.87,71.34,1,1,1.0
161,8,901.1,403.24,58.89999999999998,65.78999999999996,1,1,1.0
162,2,210.12,258.34,92.0,40.10000000000002,1,1,1.0
162,7,551.47,233.28,120.77999999999997,72.36999999999998,1,1,1.0
162,8,907.35,399.81,52.64999999999998,63.69,1,1,1.0
163,2,210.1,258.38,92.00000000000003,40.10000000000002,1,1,1.0
163,7,546.0,233.6,116.70000000000005,73.4,1,1,1.0
163,8,913.06,397.0,46.940000000000055,63.329999999999984,1,1,1.0
164,2,210.08,258.42,91.99999999999997,40.099999999999966,1,1,1.0
164,7,528.3,233.6,123.16000000000008,73.4,1,1,1.0
164,8,918.78,394.19,41.22000000000003,62.98000000000002,1,1,1.0
165,2,210.06,258.46,92.0,40.10000000000002,1,1,1.0
165,7,517.3,234.51,123.84000000000003,73.40000000000003,1,1,1.0
165,8,924.49,391.37,35.50999999999999,62.629999999999995,1,1,1.0
166,2,210.04,258.5,92.00000000000003,40.10000000000002,1,1,1.0
166,7,506.3,235.42,124.50999999999993,73.4,1,1,1.0
166,8,929.77,389.44,30.230000000000018,60.53000000000003,1,1,1.0
167,2,208.9,258.5,93.14000000000001,40.10000000000002,1,1,1.0
167,7,495.3,236.32,125.18,73.40000000000003,1,1,1.0
167,8,935.04,387.5,24.960000000000036,58.43000000000001,1,1,1.0
168,2,208.88,258.39,93.16000000000003,40.120000000000005,1,1,1.0
168,7,483.97,237.57,126.98000000000002,73.40000000000003,1,1,1.0
168,8,940.32,385.57,19.67999999999995,56.329999999999984,1,1,1.0
169,2,208.87,258.28,93.17000000000002,40.150000000000034,1,1,1.0
169,7,472.63,238.82,128.79999999999995,73.40000000000003,1,1,1.0
169,8,945.24,389.0,14.759999999999991,50.370000000000005,1,1,1.0
170,2,208.85,258.17,93.19000000000003,40.16999999999996,1,1,1.0
170,7,461.3,240.07,130.59999999999997,73.40000000000003,1,1,1.0
170,8,950.16,392.43,9.840000000000032,44.39999999999998,1,1,1.0
171,2,208.84,258.07,93.20000000000002,40.19,1,1,1.0
171,7,448.93,240.3,131.39000000000004,73.39999999999998,1,1,1.0
171,8,955.09,395.86,4.909999999999968,38.44,1,1,1.0
172,2,208.82,257.96,93.22000000000003,40.210000000000036,1,1,1.0
172,7,436.57,240.52,132.18,73.4,1,1,1.0
173,2,208.81,257.85,93.23000000000002,40.23999999999995,1,1,1.0
173,7,424.2,240.75,132.96999999999997,73.39999999999998,1,1,1.0
174,2,208.79,257.74,93.25000000000003,40.25999999999999,1,1,1.0
174,7,412.3,240.98,134.08999999999997,73.4,1,1,1.0
175,2,208.78,257.64,93.26000000000002,40.28000000000003,1,1,1.0
175,7,400.4,241.2,135.21000000000004,73.40000000000003,1,1,1.0
176,2,208.76,257.53,93.28000000000003,40.30000000000001,1,1,1.0
176,7,388.5,241.43,136.33000000000004,73.39999999999998,1,1,1.0
177,2,208.75,257.42,93.29000000000002,40.329999999999984,1,1,1.0
177,7,377.17,241.22,137.67000000000002,75.42999999999998,1,1,1.0
178,2,208.73,257.31,93.31000000000003,40.35000000000002,1,1,1.0
178,7,365.83,241.01,139.02000000000004,77.44999999999999,1,1,1.0
179,2,208.72,257.21,93.32000000000002,40.370000000000005,1,1,1.0
179,7,354.5,240.8,140.37,79.47999999999996,1,1,1.0
180,2,208.7,257.1,93.34000000000003,40.389999999999986,1,1,1.0
180,7,342.13,240.91,141.95,79.47999999999999,1,1,1.0
181,2,208.85,257.1,93.19000000000003,40.389999999999986,1,1,1.0
181,7,329.77,241.03,143.53000000000003,79.47999999999999,1,1,1.0
182,2,209.0,257.1,93.04000000000002,40.389999999999986,1,1,1.0
182,7,317.4,241.14,145.12,79.48000000000002,1,1,1.0
183,2,209.15,257.1,92.89000000000001,40.389999999999986,1,1,1.0
183,7,307.3,241.59,145.01,80.28999999999999,1,1,1.0
184,2,209.3,257.1,92.74000000000001,40.389999999999986,1,1,1.0
184,7,297.2,242.05,144.91000000000003,81.08999999999997,1,1,1.0
185,2,209.3,257.7,90.69999999999999,39.79000000000002,1,1,1.0
185,7,287.1,242.5,144.79999999999995,81.89999999999998,1,1,1.0
186,2,209.3,257.7,88.75,38.19,1,1,1.0
186,7,275.64,242.95,144.8,81.90000000000003,1,1,1.0
187,2,209.3,257.7,86.80000000000001,36.60000000000002,1,1,1.0
187,7,264.17,243.41,144.81,81.9,1,1,1.0
188,2,209.3,257.7,75.39999999999998,37.10000000000002,1,1,1.0
188,7,252.71,243.86,144.79999999999998,81.89999999999998,1,1,1.0
189,2,209.3,257.7,63.099999999999966,36.80000000000001,1,1,1.0
189,7,239.11,244.54,146.65999999999997,81.9,1,1,1.0
190,2,209.3,257.7,52.0,36.80000000000001,1,1,1.0
190,7,225.5,245.22,148.51999999999998,81.9,1,1,1.0
